a=[1 2 3]
b=[34 8 7]
c=a.*b