A=[8 2 3 ; 4 5 3;8 0 8]
j=3
A(:,j)
