A=[1 2 3 ; 4 5 3;8 0 8]
B=[1 9 0 ; 5 5 3;7 0 0]
C=A*B
