A=[1 2 3 ; 4 5 3;8 0 8]
m=2
b=A^m