A = [0-1i 2+1i;4+2i 0-2i]
b=A'