A=[1 2 3 ; 4 5 3;8 0 8]
b=A.'